750068833
783843574
363146914
690672184
882613448
20587616
196779031
132674552
113469027
973333125
29519683
888143611
764107596
906935747
744480085
115250923
953876922
182647941
672779576
882935235
219115513
287679908
24710949
853244651
321751841
182539820
946084776
971989032
822420553
892474469
197382507
163574764
932088178
720643759
219575964
29239106
757405005
320235443
907593825
976477004
924382684
987027818
909773989
8186838
133835420
163382181
36115102
817298740
866082071
857468967
71183154
844359574
513604431
474518326
144659360
617580135
57608137
755051543
139224253
238272882
289135690
638849811
3432882
233569213
830583489
863235490
748091240
865973543
245311288
914377005
343073339
126754640
17751543
685394993
938436941
907517975
962634046
944551756
50997063
184530140
147774173
922986434
874798152
841397740
261116481
732776194
947059064
145470714
647030160
177689402
867065603
241691135
131720895
653993014
62784726
407910517
869385539
701225344
889727734
811137429
831753299
811441168
17011478
120979438
367193629
936014037
114009223
38959349
255633414
780306768
58805095
916081340
978805351
968193944
554087699
342474375
126681062
1485393
909636648
108111348
100601097
149558599
342845097
934023138
977170426
976959333
166891850
819358792
945936876
135213644
945921742
272156433
21243503
771615446
375292358
183292856
962193315
906897624
579289901
967778131
886341183
283532837
126995560
827520752
86403404
44205497
123304727
356317396
39089559
183912725
806440016
893465238
827945655
28661108
824688413
992540513
698380862
762904981
124862408
724869660
941352961
555062818
635634552
156357451
789872610
92426696
786223722
163801361
716166241
99887758
792208714
176809458
992283699
43277728
760209502
468197982
680740555
811440527
916239272
60156919
332599308
942314662
84732406
890084035
134138832
134734984
36549061
189456291
226363161
907377422
26490346
179741203
715143502
678058890
685027847
673226495
15677255
284637830
752645783
280803984
998775391
74098744
344865326
876797294
191765045
233473487
54220868
984097144
909992262
967733334
374366788
19809805
893522520
168128774
7162980
237377308
148638486
44355667
85767891
967992108
256775975
793642410
343186604
981568384
714999414
972387037
838314281
794586838
773824838
716222440
25062151
338311604
93739960
997635100
899224606
729817548
895058496
299123844
770037437
596121353
898502652
785271739
240499098
987509558
45838138
203022760
98653082
934631251
21961479
20397861
244692809
588706102
116698872
54513205
976838887
683923906
289062103
595883017
242784794
148704440
979640532
45552004
343415852
96560699
103712085
966689806
903869343
809298409
118990567
219108412
41698809
109039877
870934236
941000972
849044231
931025433
84490721
55532006
842721302
251910080
906894299
717607386
829768723
920331372
947732365
34912630
158981061
771612324
240979982
636381090
649354855
91823194
822471210
14278556
898008955
28979251
911628919
733000142
68209302
374483103
667042879
872576289
74009147
19375947
156434420
805021528
167066821
749458639
192235103
912671292
147338856
982392096
614671787
152743151
57474028
165061936
744663064
943877697
892639905
990565052
989383922
769944439
197222651
753116433
828173729
180756739
959582867
792329829
834469544
36000881
850701177
865742591
795821495
147257142
76437661
210068042
851540874
184862812
144568084
47266429
63326426
244661229
747664865
41247168
922455793
976485301
890514350
90295111
729642773
308710412
61018998
18440881
965568975
897618520
855302093
121480571
41228902
868399927
938554710
853487900
930239702
46907251
81552964
204939170
23114175
115778189
760207096
103820546
375231124
846322934
981741332
964221169
916285101
81806975
153414863
636961481
649936545
876366761
860693542
797422399
327555362
61278879
931716627
854542484
367515598
18026150
991950647
67446305
174272430
759616903
628401772
807911672
17067688
988743631
114114168
111541161
187909770
935888724
143617760
839503024
330979214
106390360
700541216
128086356
126109273
804057861
107868954
316163792
849297684
681273468
829402181
625962803
621805342
296795060
886246923
964975791
934899039
690346369
965852100
228524578
342892148
970130075
999541242
8668932
180978406
843302996
94451254
120795146
172720076
902240856
878017910
794109712
212176583
306516587
5145249
286922827
678796846
148019030
266187566
277913648
951924888
59569488
151056594
216472626
671647644
275832809
40113563
197990754
361010583
210027337
244623016
768198875
809863114
148084306
152830061
810055819
51783945
251824674
890381096
822696678
17924797
306261093
886931187
807917256
665942580
101181310
319624735
201335620
907555687
900661620
895831095
885223002
652009096
113774931
144117634
708246006
137081036
25729708
806898101
390223199
141302346
970948745
139051102
830835274
34352524
776792170
82097597
38378206
717292608
377804298
284488976
93317917
812769817
218881256
332886359
150800937
870273958
323513971
756431197
189534132
