500
289383 930886
636915 692777
238335 747793
760492 885386
516649 641421
202362 490027
368690 520059
513926 897763
180540 383426
89172 455736
5211 595368
702567 956429
21530 465782
665123 722862
174067 703135
513929 979802
634022 723058
133069 898167
18456 961393
175011 478042
176229 377373
484421 544919
413784 898537
575198 594324
664370 798315
566413 803526
268980 776091
241873 759956
806862 999170
497281 906996
420925 702305
336327 477084
126505 660336
621729 750846
661313 925857
353895 616124
100545 819582
233367 898814
515434 990364
313750 344043
171087 426808
117276 947178
393584 695788
502651 705403
392754 612399
95060 999932
549676 993368
210012 947739
636226 698586
297539 348094
140795 480570
651434 960378
66601 97467
612902 710097
570492 573317
260756 926652
560280 997301
209441 724286
429689 953865
228444 346619
558440 744729
108117 958031
738097 905771
834481 890675
120709 698927
704567 777856
179497 872353
254586 276965
455306 964683
28624 406219
51528 332871
48829 805732
409503 530019
258270 363368
486715 959708
226340 518149
700723 747796
2245 142618
122846 493451
243555 892921
192379 597488
537764 888228
469841 792350
165193 441500
87764 757034
324914 470124
275856 936987
346491 373743
148365 322227
281936 709859
151432 452551
316437 899228
153275 975407
276121 901474
468858 794395
36029 661237
573793 908235
65818 894428
231011 366143
335928 639529
318776 322404
255763 964443
114613 854538
118606 436840
2904 344818
235128 670688
67917 797369
466996 569917
43324 987743
259470 512183
295499 298490
206725 689772
385644 755590
268139 617505
469786 502954
338082 907669
308542 388464
110197 939507
228804 759355
278611 376348
127828 573622
887343 949299
35568 195746
354340 755422
23311 613810
267605 321801
425661 473730
44878 811305
178736 229320
79444 248626
503465 648522
473416 586708
213258 408282
167637 412924
305624 442062
532036 962600
433452 911899
145550 419379
290071 947468
487131 900973
684930 903881
808933 845894
158660 370163
387981 657199
252996 548899
152959 713773
272813 739668
187190 681095
116466 952926
365084 911340
327684 422090
443376 855542
379107 755936
219756 517445
418418 669179
89412 706887
32172 103348
262009 451659
402336 625210
166342 467587
319301 878206
667372 697713
401255 575321
44599 864819
229904 517721
939811 955939
73940 915667
311705 346228
811127 829150
565984 996658
763920 789224
602422 867269
54081 821396
645630 740084
679292 811972
73850 207672
647625 905385
739299 741222
306640 606042
340713 783898
256190 352298
280524 942590
108581 688209
288819 499336
371155 937732
218004 495994
160379 614769
85273 981776
247255 668850
348142 721860
445884 575579
223205 421993
679567 867621
690613 962504
262754 801961
31326 154259
518944 828202
613202 723506
902021 936784
222842 390868
235189 789528
608872 949908
210498 849958
448036 518808
457753 686248
33333 383303
132133 321648
772890 999754
251746 517567
319529 690368
238046 514500
473788 549797
66249 86990
3033 273303
12497 505363
294892 910253
247686 519125
613996 761152
209188 245975
649157 703729
32460 895436
253414 543921
26304 870460
60028 388027
266748 278050
308902 707556
504794 697697
571043 858699
132002 301039
90428 806403
681 144500
617647 908538
36159 895151
282134 522535
104339 171692
502215 516127
720504 755629
60049 590964
298285 636429
495343 576335
202900 903177
407971 885238
260289 416949
495367 717988
392292 585795
40743 53144
102829 658390
655340 961682
569 553541
174232 453826
172261 956042
409117 690360
228023 266761
81 526309
495425 903190
618996 806367
214677 504234
631626 730690
226057 764524
349614 673168
328205 390358
726312 947386
204346 565100
602726 634994
56552 204916
325578 893529
528946 532290
302647 756970
799051 819080
218593 799631
418627 830857
541312 561886
439214 788355
193512 720090
14412 59479
858969 909610
152274 966189
47641 806355
356620 925433
77888 198987
498338 524566
27284 487770
56856 790417
300606 372260
100237 125849
107205 473059
35217 648518
34945 990783
228458 436873
710873 967637
620483 804289
770478 826607
149314 772757
334471 645729
533459 591100
89438 723618
58025 211388
631233 633074
518157 933681
3493 160358
110699 550270
101839 633417
275569 668363
92622 228794
319847 413173
196431 217462
456682 539390
504292 745791
205057 355115
391521 796157
631491 888574
401947 462951
35021 359231
393740 610537
485054 614030
35325 554098
187516 241081
33002 653516
372231 746139
261796 785404
582338 974580
39021 519218
513970 539862
235379 784812
692685 894977
31536 299904
324176 433483
199759 279207
889744 984857
469911 593499
20127 663950
505236 777560
367818 675105
740049 810563
421244 588711
41805 519934
77375 563291
558955 593614
133589 343768
544918 828993
376882 552805
844822 876982
124030 326717
311574 593093
186593 530126
550253 781486
803074 850543
327814 734713
138377 478179
415775 474762
32919 727088
806732 935710
11017 110294
400346 760235
745691 871137
305153 423943
122573 666328
300925 449291
306710 894018
277217 836836
575055 596963
387090 963858
378130 714904
372661 698571
369633 689685
304789 613073
722604 756851
349250 419805
336503 767868
109485 639006
82195 414639
62949 721120
80967 880226
387677 686763
290596 963981
740865 887560
127955 539036
367770 433518
66342 359211
245196 322532
272379 627321
858270 994984
384172 794427
152040 344234
647283 970072
245830 307398
370347 901063
966950 982030
250573 653714
57522 886059
134047 626924
189435 945082
271232 829204
622954 630443
411898 945486
684278 875640
89159 250262
679262 989683
539848 561041
141723 208324
26272 449122
454154 927335
335821 937457
102747 909365
311776 591171
160269 725218
621703 938701
209933 914653
53959 450907
356728 862806
515797 748720
121308 547084
515334 742698
76376 110991
252715 798898
801052 825171
218189 771559
554010 752506
178224 709016
173109 816539
333378 490000
58109 945053
489114 955081
405989 671338
28067 59426
575223 785147
332231 776787
292122 696532
323875 591281
390179 884850
202254 576590
215350 311131
967857 973813
199181 381494
146081 554603
15720 152433
590181 887982
97487 359415
79296 768825
138722 765404
550551 796892
90032 230297
399134 443181
898506 990415
299708 767057
380595 859999
112297 501962
475776 687483
68977 80154
191309 742587
139932 723382
544266 895021
313563 508860
903682 909211
277685 669086
564285 590930
735990 794583
197314 651476
95820 754116
37525 641892
395528 538839
897490 897525
101360 651136
247643 889618
80928 170337
506582 826621
804310 917955
370888 634225
274570 426815
220853 543437
107722 460008
712350 811783
9097 418657
363827 689126
522071 621269
533149 726651
60910 140528
228398 430639
241888 836610
928577 992393
433890 498976
754552 755199
126087 416931
360099 388777
400657 448566
377017 580952
72641 392735
89368 491298
453195 918184
55805 696776
423428 975266
552528 588954
19593 80308
297278 322197
289672 372555
250774 806445
305000 522325
238283 560997
466127 648412
565421 598382
