750068833
283843571
863146918
690672184
382613444
520587620
696779035
632674555
113469027
973333125
29519683
388143607
264107592
406935743
744480085
115250923
953876922
682647945
672779576
882935235
219115513
787679911
524710952
853244651
821751845
182539820
946084776
971989032
322420550
892474469
697382510
163574764
932088178
720643759
719575968
29239106
757405005
820235447
907593825
476477001
424382680
987027818
409773985
508186841
633835423
163382181
36115102
817298740
366082068
357468964
571183157
844359574
513604431
474518326
144659360
617580135
57608137
755051543
139224253
238272882
789135694
138849808
503432886
733569216
330583486
363235486
248091236
865973543
245311288
414377001
843073342
626754644
17751543
685394993
438436938
407517972
462634043
444551752
50997063
184530140
147774173
922986434
374798148
841397740
761116484
232776190
447059061
145470714
147030156
677689406
867065603
741691139
131720895
653993014
562784729
407910517
869385539
201225341
889727734
311137425
831753299
811441168
517011481
120979438
367193629
436014034
614009227
538959353
755633418
280306765
558805099
416081336
978805351
468193941
554087699
342474375
626681065
1485393
909636648
108111348
100601097
149558599
842845101
934023138
477170422
976959333
666891854
319358789
445936872
635213648
445921739
272156433
521243506
771615446
375292358
183292856
962193315
906897624
579289901
967778131
886341183
783532840
626995563
327520748
586403408
44205497
123304727
356317396
39089559
683912729
306440013
893465238
827945655
28661108
324688410
492540510
198380858
762904981
624862412
224869656
941352961
555062818
135634548
156357451
789872610
92426696
786223722
163801361
716166241
99887758
792208714
176809458
992283699
543277732
260209499
968197986
680740555
311440524
416239269
60156919
332599308
942314662
84732406
890084035
634138835
634734987
36549061
689456295
226363161
907377422
26490346
679741207
715143502
178058886
685027847
673226495
515677258
284637830
752645783
280803984
998775391
74098744
344865326
876797294
691765048
733473490
54220868
484097140
909992262
967733334
374366788
519809809
893522520
168128774
507162984
737377311
648638490
544355671
585767894
467992104
756775979
293642407
843186607
981568384
714999414
472387033
838314281
294586835
773824838
216222437
525062155
838311608
93739960
497635097
399224602
729817548
395058492
299123844
770037437
596121353
398502649
785271739
240499098
987509558
45838138
703022763
598653086
434631248
21961479
20397861
244692809
588706102
616698875
554513209
476838884
683923906
789062106
595883017
242784794
148704440
479640529
545552008
343415852
96560699
603712089
966689806
403869340
309298406
118990567
719108415
541698812
609039880
870934236
441000968
849044231
931025433
584490725
555532010
842721302
251910080
906894299
217607383
329768719
420331368
447732362
534912634
158981061
771612324
240979982
136381086
649354855
91823194
322471207
14278556
898008955
528979255
411628916
733000142
68209302
374483103
667042879
872576289
574009150
519375950
656434424
305021524
167066821
749458639
692235107
412671289
147338856
982392096
114671784
652743155
557474032
665061939
244663060
943877697
892639905
490565048
989383922
269944435
197222651
253116429
828173729
180756739
459582863
792329829
834469544
536000885
850701177
865742591
795821495
147257142
576437664
210068042
851540874
184862812
644568087
47266429
563326429
244661229
747664865
41247168
922455793
476485297
890514350
590295114
729642773
308710412
61018998
18440881
965568975
897618520
355302089
121480571
41228902
868399927
938554710
353487896
930239702
46907251
81552964
204939170
523114178
615778192
260207093
603820550
375231124
846322934
481741329
964221169
416285097
581806978
653414867
636961481
649936545
876366761
860693542
297422395
327555362
561278883
431716624
354542481
367515598
518026154
991950647
567446309
174272430
259616899
128401769
307911668
517067692
988743631
114114168
111541161
687909773
935888724
143617760
339503021
330979214
606390363
200541213
128086356
626109277
804057861
607868958
816163796
849297684
181273465
829402181
125962799
621805342
796795064
886246923
964975791
434899035
690346369
965852100
728524582
342892148
470130071
999541242
8668932
680978410
343302992
94451254
620795149
172720076
402240852
378017907
294109708
712176587
306516587
505145252
786922831
678796846
648019034
766187570
277913648
451924884
59569488
151056594
716472629
671647644
275832809
40113563
197990754
861010587
210027337
744623019
768198875
809863114
648084309
152830061
310055815
51783945
751824677
890381096
322696675
517924801
306261093
386931184
307917253
165942576
601181313
819624738
701335623
407555684
400661616
895831095
885223002
652009096
113774931
644117637
708246006
137081036
525729711
806898101
390223199
641302350
470948742
139051102
330835271
534352528
276792166
582097601
538378210
217292605
377804298
784488979
593317921
312769814
218881256
832886362
150800937
870273958
323513971
256431194
189534132
